Wall, 0 -0.65 0, 0 0 1 0, 0.3 1 2.4,  
Wall, 0 -4.57 0, 0 0 1 0, 0.3 4.85 2.4
Wall, 0 -12.32 0, 0 0 1 0, 0.3 1.9 2.4
Wall, 0 -9.18 0, 0 0 1 0, 0.3 2.4 2.4
Wall, -9.9 -3.48 0, 0 0 1 0, 0.3 0.3 2.4
Wall, -9.9 -10.41 0, 0 0 1 0, 0.3 5.2 2.4
Wall, -9.9 -6.47 0, 0 0 1 0, 0.3 1.28 2.4
Wall, -3.8 0 0, 0 0 1 1.5708, 0.3 7.9 2.4,
Wall, -10.65 0 0, 0 0 1 1.5708, 0.3 3.8 2.4,
Wall, -12.399999999999999 -1.88 0, 0 0 1 0, 0.3 3.5 2.4,
Wall, -6.969989999999999 -8.139999999999999 0, 0 0 1 0, 0.3 0.8 2.4,
Wall, -8.42 -6.6 0, 0 0 1 -1.5708, 0.3 3.2 2.4,
Wall, -3.369987 -10.679991 0, 0 0 1 -3.1416, 0.3 4.6 2.4,
Wall, -5.58999 -10.73 0, 0 0 1 -3.1416, 0.3 4.9 2.4,
Wall, -9.25 -13.12 0, 0 0 1 1.5708, 0.3 1.6 2.4,
Wall, -6.1 -13.12 0, 0 0 1 1.5708, 0.3 2.7 2.4,
Wall, -2.1 -13.12 0, 0 0 1 1.5708, 0.3 3.9 2.4,
Wall, -8.42 -8.43 0, 0 0 1 -1.5708, 0.3 3.2 2.4,
Wall, -2.93 -6.6 0, 0 0 1 1.5708, 0.3 3.045 2.4,
Wall, -0.29 -6.6 0, 0 0 1 1.5708, 0.3 0.3 2.4,
Wall, -0.8 -8.43 0, 0 0 1 1.5708, 0.3 1.7 2.4,
Wall, -3.55 -8.43 0, 0 0 1 1.5708, 0.3 1.8 2.4,
Wall, -6.78 -8.43 0, 0 0 1 1.5708, 0.3 0.08 2.4,
Wall, -3.89 -1.8 0, 0 0 1 0, 0.3 3.3 2.4
Wall, -3.89 -4.45 0, 0 0 1 0, 0.3 2 2.4
Bed, -1.657084 -11.861072 0, 0 0 1 1.5708, 2.1 1.75 0.4
Cabinet, -5.445295 -9.996606 0, 0 0 1 0, 0.4 0.7 1
Cabinet, -5.80579 -10.1734 0, 0 0 1 3.14159, 0.4 0.7 1 
RoundTable, -1.430469 -3.615372 0, 0 0 1 0, 2 2 0.76
TrashBin, -0.62 -5.42 0, 0 0 1 3.14159, 0.8 0.7 1.16
Bed, -8.67447 -10.2627 0, 0 0 1 0, 2.1 1.75 0.4
Desk, -6.905085 -12.493314 0, 0 0 1 -1.5707963071795863, 0.7 1.2 0.72
Wall, 0 -0.65 0, 0 0 1 0, 0.3 1 2.4,  
Radiator, -4.24028 -8.71399 0.36, 0 0 1 -1.5708, 0.1 0.52 0.58
Radiator, -0.28465799999999997 -10.58667 0.36, 0 0 1 3.14159, 0.1 0.52 0.58
Radiator, -3.23759 -6.88139 0.36, 0 0 1 -1.5708, 0.1 0.52 0.58
Radiator, -7.731897999999999 -12.834878 0.36, 0 0 -1 -1.5708, 0.1 0.52 0.58
Radiator, -8.531595 -0.282246 0.36, 0 0 1 -1.5708, 0.1 0.52 0.58
Radiator, -0.27999999999999997 -1.53 0.36, 0 0 1 3.14159, 0.1 0.52 0.58
Table, -10.415072 -1.632191 0, 0 0 1 1.5708, 1 2.5 0.74,
Table, -9.55609 -9.09224 0, 0 0 1 0, 0.3 0.3 0.4
Table, -9.56036 -11.3804 0, 0 0 1 0, 0.3 0.3 0.4
Table, -2.74109 -12.7454 0, 0 0 1 0, 0.3 0.3 0.4
Table, -6.014093 -2.658387 0.02, 0 0 1 0, 0.8 1.2 0.53,
Armchair, -2.57082 -9.80788 0, 0 0 1 -0.2115153071795861, 1 1.1 0.8
Armchair, -6.495947 -4.354153999999999 0, 0 0 -1 -1.3592853071795865, 1 1.1 0.8
Armchair, -9.0281 -12.1858 0, 0 0 -1 -0.5738853071795864, 1 1.1 0.8
Sofa, -5.9207339999999995 -0.6887059999999999 0, 0 0 1 -1.5708, 1 1.1 0.8
Sofa, -7.308742 -2.513508 0, 0 0 1 0, 1 1.1 0.8
Cabinet, -4.073264 -0.6770999999999999 0, 0 0 1 3.14159, 0.4 0.96 0.7
WashingMachine, -4.44701 -3.83126 0.51, 0 0 1 3.14159, 1 1.1 1.5
Bathtube, -4.96001 -11.9954 0, 0 0 1 0, 0.93 1.9 0.24
Toilet, -9.266226999999999 -7.456646999999999 0, 0 0 1 0, 0.36 0.70 0.8
Toilet, -3.97349 -12.5259 0, 0 0 1 1.5708, 0.36 0.70 0.8
Window, 0 -1.65 0, 0 0 1 0, 0.3 1 2.4
Window, -9.9 -7.46 0, 0 0 1 0, 0.3 0.7 2.4
Window, -4.4 -13.12 0, 0 0 1 1.5708, 0.3 0.7 2.4
Window, -7.95 -13.12 0, 0 0 1 1.5708, 0.3 1 2.4
Window, 0 -10.87 0, 0 0 1 0, 0.3 1 2.4
Window, -11.15 -3.48 0, 0 0 1 1.5708, 0.3 2.2 2.4
Window, -9.9 -4.73 0, 0 0 1 0, 0.3 2.2 2.4
Window, -8.25 0 0, 0 0 1 1.5708, 0.3 1 2.4
